22
40 60 40 140
40 40 420 40
40 180 40 220
40 220 420 220
420 180 420 220
420 60 420 120
240 160 240 220
280 160 280 220
140 320 220 320
40 280 420 280
40 420 40 460
40 460 420 460
140 320 140 420
40 300 40 360
320 320 320 400
280 400 280 460
280 400 320 400
240 320 240 460
140 420 240 420
420 280 420 300
420 320 420 360
420 420 420 460
5
40 140 40 180
420 120 420 180
40 360 40 420
420 300 420 320
420 360 420 420
7
80 160 0
80 100 0
160 160 0
340 60 0
280 360 0
340 300 0
360 300 0
3
140 100 0
300 60 0
80 300 0
1
320 180 0
2
400 100 270
180 380 0
1
160 340 0
2
340 440 90
80 440 90
